CASIS-25
1. BLX-0.5
Best Fitness:
0.39
0
[1.3762349046052118, 1.721142973603549, 0.7495233835478526, 0.80810441915636, 0.15496119813956077, 0.14200972832266245, 1.3227627768671784, 0.20082664651313242, 0.6221886882732399, 2
.443126035150752, 0.5021444112617541, 0.344925957097861, 1.010580173738784, 0.2784164902331273, 0.9014354999115154, 0.8922077579030778, 0.24087687437088268, 1.4863101018514289, -0.26
665974596521536, 0.1889611043801055, -2.201984390854151, -2.0677488442242664, 0.5170599134091155, 0.38861167720913903, 0.9307555931617074]

2. BLX
Best Fitness:
0.4
0
[1.78294459111505, -0.9684805617003189, 0.6635749892970373, 0.8194281020435918, 0.4091725393025808, 2.0922629687477485, 0.3887781917102663, 2.367676855299889, 1.506979313278837, 0.74
80463485876007, -0.9015399803206485, 1.0594764059302069, 1.1724628181194967, 1.603070967448539, -1.162844086846109, 2.346722897635606, 0.06907855358148692, 1.0684880087622273, 1.0775
07737785356, 1.2285831546452728, 0.5813653523869136, 1.3988746991263454, 1.745905289375273, 1.0444007333561538, 1.7120400331043988]

SEC_SportsWriters
1. BLX-0.5
Best Fitness:
0.469387755102
2
[1.8128595063263764, 0.003132371259897151, -1.322333968881736, 1.9434267109882715, -0.3785142741940607, 0.7395184278269928, 2.113192999505833, 1.459927799335109, 1.7516988417676145,
1.1088881360869647, 1.3704162813003804, -2.475958867812539, -0.036677918820813976, -0.3272797067513091, 0.17482574773980128]

2. BLX
Best Fitness:
0.510204081633
0
[1.712340777963248, 0.928306437154695, -0.41160266767621845, 0.39844064871368307, -0.3493735890977428, -0.5528592615259709, 0.5206733780140484, 0.5041110561440136, 0.8296298405503192
, -0.5059043805474556, 0.9435312289113541, 1.2945528924036847, -0.10355215696424774, -1.1482418646645827, -1.0071020291494246]
