Hutchins,732.0,0.0,0.0,0.0,0.0,0.0,0.0,0.0,3.0,3.0,0.0,0.0,25.0,24.0,20.0,1.0,5.0,14.0,8.0,10.0,4.0,2.0,4.0,3.0,4.0,4.0,0.0,0.0,0.0,0.0,0.0,0.0,0.0,6.0,3.0,6.0,3.0,2.0,23.0,16.0,1.0,1.0,8.0,0.0,1.0,5.0,1.0,1.0,5.0,0.0,0.0,8.0,6.0,0.0,10.0,2.0,0.0,0.0,0.0,0.0,0.0,0.0,0.0,0.0,0.0,313.0,50.0,79.0,193.0,365.0,103.0,62.0,161.0,176.0,3.0,38.0,131.0,64.0,247.0,294.0,50.0,4.0,232.0,171.0,276.0,78.0,34.0,55.0,5.0,57.0,1.0,0.0,0.0,0.0,0.0
Sallee,788.0,0.0,0.0,0.0,0.0,0.0,0.0,16.0,2.0,2.0,0.0,0.0,26.0,28.0,49.0,0.0,1.0,19.0,11.0,7.0,3.0,14.0,3.0,2.0,1.0,3.0,4.0,0.0,0.0,0.0,0.0,3.0,0.0,5.0,8.0,10.0,4.0,10.0,15.0,11.0,1.0,5.0,7.0,2.0,9.0,4.0,5.0,2.0,6.0,0.0,1.0,22.0,15.0,6.0,3.0,5.0,0.0,0.0,1.0,0.0,0.0,0.0,0.0,0.0,0.0,292.0,38.0,76.0,143.0,377.0,85.0,67.0,164.0,196.0,5.0,46.0,148.0,50.0,235.0,270.0,50.0,4.0,209.0,193.0,315.0,89.0,44.0,55.0,1.0,50.0,0.0,0.0,0.0,0.0,0.0
Sallee,634.0,0.0,0.0,0.0,0.0,0.0,0.0,16.0,0.0,0.0,0.0,0.0,19.0,20.0,38.0,0.0,2.0,6.0,4.0,1.0,1.0,0.0,1.0,4.0,1.0,1.0,3.0,0.0,0.0,0.0,0.0,5.0,0.0,2.0,7.0,7.0,2.0,2.0,8.0,11.0,3.0,6.0,5.0,4.0,0.0,6.0,5.0,0.0,5.0,1.0,2.0,9.0,13.0,0.0,4.0,5.0,0.0,1.0,0.0,0.0,0.0,0.0,0.0,0.0,0.0,248.0,32.0,65.0,106.0,345.0,74.0,69.0,146.0,173.0,7.0,37.0,110.0,46.0,223.0,205.0,38.0,4.0,172.0,175.0,283.0,75.0,26.0,58.0,6.0,50.0,1.0,0.0,0.0,0.0,0.0
Dreilinger,626.0,0.0,2.0,0.0,0.0,0.0,0.0,9.0,2.0,2.0,0.0,0.0,28.0,17.0,46.0,0.0,3.0,8.0,3.0,4.0,5.0,2.0,2.0,2.0,1.0,3.0,1.0,0.0,0.0,0.0,0.0,0.0,0.0,3.0,3.0,6.0,1.0,3.0,11.0,6.0,4.0,11.0,2.0,5.0,0.0,9.0,2.0,1.0,1.0,1.0,0.0,9.0,13.0,3.0,1.0,10.0,0.0,0.0,0.0,0.0,0.0,0.0,0.0,0.0,0.0,222.0,36.0,70.0,126.0,359.0,69.0,77.0,142.0,155.0,4.0,42.0,119.0,57.0,181.0,220.0,34.0,3.0,170.0,142.0,271.0,75.0,24.0,56.0,3.0,32.0,2.0,0.0,0.0,0.0,0.0
Dreilinger,694.0,0.0,0.0,0.0,0.0,0.0,0.0,1.0,1.0,1.0,0.0,0.0,29.0,14.0,44.0,0.0,0.0,4.0,5.0,6.0,1.0,0.0,2.0,0.0,1.0,4.0,1.0,0.0,0.0,0.0,0.0,0.0,0.0,1.0,3.0,3.0,3.0,2.0,14.0,6.0,4.0,3.0,4.0,1.0,1.0,19.0,1.0,0.0,3.0,1.0,1.0,17.0,20.0,5.0,1.0,3.0,0.0,1.0,1.0,0.0,0.0,0.0,0.0,0.0,0.0,262.0,32.0,88.0,169.0,390.0,87.0,60.0,177.0,206.0,4.0,36.0,122.0,50.0,216.0,237.0,60.0,7.0,194.0,209.0,289.0,77.0,23.0,70.0,2.0,57.0,5.0,0.0,0.0,0.0,0.0
Dreilinger,532.0,0.0,0.0,0.0,0.0,0.0,0.0,3.0,0.0,0.0,0.0,0.0,23.0,13.0,38.0,0.0,4.0,11.0,9.0,5.0,2.0,0.0,0.0,2.0,5.0,2.0,0.0,0.0,0.0,0.0,0.0,2.0,0.0,2.0,2.0,1.0,2.0,1.0,18.0,5.0,2.0,4.0,4.0,0.0,2.0,4.0,1.0,1.0,5.0,1.0,0.0,11.0,12.0,4.0,5.0,3.0,0.0,0.0,0.0,0.0,0.0,0.0,0.0,0.0,0.0,222.0,37.0,67.0,123.0,269.0,55.0,45.0,140.0,144.0,6.0,17.0,85.0,49.0,184.0,179.0,37.0,5.0,170.0,141.0,243.0,70.0,22.0,47.0,3.0,44.0,3.0,0.0,0.0,0.0,0.0
King,800.0,0.0,4.0,0.0,0.0,0.0,1.0,1.0,1.0,1.0,0.0,0.0,30.0,31.0,46.0,0.0,6.0,16.0,11.0,14.0,3.0,5.0,5.0,8.0,6.0,3.0,0.0,0.0,0.0,0.0,0.0,0.0,0.0,4.0,3.0,6.0,2.0,0.0,15.0,7.0,6.0,5.0,10.0,0.0,1.0,2.0,1.0,1.0,4.0,1.0,5.0,12.0,22.0,7.0,5.0,5.0,0.0,0.0,0.0,0.0,0.0,0.0,0.0,0.0,0.0,282.0,40.0,82.0,188.0,452.0,100.0,60.0,183.0,209.0,4.0,41.0,128.0,57.0,267.0,270.0,57.0,10.0,230.0,200.0,319.0,98.0,43.0,62.0,8.0,48.0,4.0,0.0,0.0,0.0,0.0
Stine,731.0,0.0,0.0,0.0,0.0,0.0,0.0,0.0,2.0,2.0,0.0,0.0,35.0,26.0,43.0,0.0,11.0,16.0,8.0,10.0,5.0,2.0,4.0,2.0,3.0,1.0,3.0,0.0,0.0,0.0,0.0,0.0,0.0,2.0,3.0,4.0,1.0,2.0,20.0,7.0,9.0,7.0,9.0,1.0,1.0,11.0,0.0,1.0,3.0,0.0,3.0,6.0,20.0,5.0,1.0,1.0,0.0,0.0,0.0,0.0,0.0,0.0,0.0,0.0,0.0,290.0,39.0,80.0,149.0,342.0,90.0,71.0,155.0,191.0,4.0,36.0,131.0,61.0,227.0,248.0,86.0,8.0,210.0,214.0,276.0,98.0,31.0,65.0,6.0,48.0,2.0,0.0,0.0,0.0,0.0
Stine,685.0,0.0,1.0,0.0,0.0,0.0,0.0,3.0,3.0,3.0,0.0,0.0,24.0,30.0,37.0,0.0,8.0,16.0,10.0,4.0,8.0,4.0,3.0,1.0,7.0,2.0,0.0,0.0,0.0,0.0,0.0,0.0,0.0,5.0,2.0,11.0,3.0,2.0,17.0,4.0,6.0,6.0,5.0,1.0,2.0,5.0,1.0,0.0,3.0,0.0,4.0,13.0,10.0,6.0,1.0,2.0,0.0,0.0,0.0,0.0,0.0,0.0,0.0,0.0,0.0,275.0,47.0,76.0,159.0,329.0,69.0,56.0,144.0,188.0,6.0,52.0,114.0,61.0,213.0,228.0,63.0,7.0,185.0,174.0,275.0,71.0,35.0,47.0,3.0,55.0,6.0,0.0,0.0,0.0,0.0
Stine,785.0,0.0,0.0,0.0,0.0,0.0,0.0,2.0,1.0,1.0,0.0,0.0,31.0,40.0,51.0,0.0,7.0,16.0,8.0,6.0,7.0,4.0,5.0,6.0,4.0,4.0,3.0,0.0,0.0,0.0,0.0,1.0,0.0,3.0,9.0,2.0,1.0,3.0,19.0,3.0,12.0,7.0,7.0,1.0,7.0,5.0,5.0,1.0,5.0,0.0,1.0,14.0,20.0,11.0,1.0,1.0,0.0,1.0,0.0,0.0,0.0,0.0,0.0,0.0,0.0,273.0,43.0,88.0,171.0,407.0,97.0,76.0,190.0,234.0,4.0,39.0,123.0,56.0,254.0,251.0,77.0,7.0,240.0,174.0,332.0,104.0,39.0,64.0,6.0,48.0,5.0,0.0,0.0,0.0,0.0
Stine,534.0,0.0,1.0,0.0,0.0,0.0,0.0,5.0,1.0,1.0,0.0,0.0,26.0,23.0,36.0,0.0,3.0,7.0,2.0,6.0,3.0,1.0,3.0,3.0,0.0,0.0,0.0,0.0,0.0,0.0,0.0,0.0,0.0,3.0,4.0,2.0,3.0,1.0,15.0,16.0,4.0,4.0,6.0,1.0,0.0,6.0,0.0,0.0,0.0,0.0,1.0,4.0,13.0,6.0,0.0,5.0,0.0,0.0,0.0,0.0,0.0,0.0,0.0,0.0,0.0,204.0,22.0,73.0,131.0,292.0,59.0,49.0,114.0,145.0,1.0,27.0,100.0,50.0,169.0,188.0,39.0,5.0,160.0,136.0,211.0,55.0,21.0,55.0,10.0,38.0,0.0,0.0,0.0,0.0,0.0
Brandt,366.0,0.0,0.0,0.0,0.0,0.0,0.0,9.0,2.0,2.0,0.0,0.0,15.0,22.0,20.0,0.0,5.0,9.0,11.0,7.0,2.0,0.0,6.0,2.0,1.0,1.0,0.0,0.0,0.0,0.0,0.0,0.0,0.0,1.0,5.0,1.0,2.0,1.0,11.0,5.0,0.0,2.0,1.0,3.0,0.0,14.0,3.0,2.0,1.0,0.0,0.0,15.0,7.0,0.0,0.0,1.0,0.0,0.0,0.0,0.0,0.0,0.0,0.0,0.0,0.0,143.0,17.0,39.0,77.0,191.0,41.0,38.0,85.0,117.0,2.0,21.0,78.0,25.0,105.0,132.0,35.0,4.0,107.0,131.0,164.0,46.0,21.0,37.0,0.0,26.0,2.0,0.0,0.0,0.0,0.0
Long,648.0,0.0,2.0,0.0,1.0,0.0,0.0,4.0,4.0,4.0,0.0,0.0,28.0,17.0,40.0,0.0,13.0,8.0,5.0,6.0,4.0,6.0,2.0,3.0,1.0,2.0,2.0,0.0,0.0,0.0,0.0,0.0,0.0,11.0,5.0,14.0,6.0,15.0,20.0,11.0,5.0,2.0,14.0,9.0,5.0,17.0,5.0,3.0,6.0,0.0,5.0,21.0,24.0,2.0,2.0,4.0,1.0,2.0,0.0,0.0,0.0,0.0,0.0,0.0,0.0,255.0,36.0,76.0,120.0,406.0,76.0,56.0,139.0,197.0,6.0,28.0,134.0,59.0,231.0,217.0,60.0,1.0,182.0,230.0,221.0,75.0,35.0,59.0,6.0,42.0,0.0,0.0,0.0,0.0,0.0
Long,512.0,0.0,2.0,0.0,4.0,0.0,0.0,4.0,2.0,2.0,0.0,0.0,18.0,15.0,31.0,0.0,7.0,14.0,8.0,5.0,5.0,3.0,2.0,4.0,6.0,1.0,4.0,0.0,0.0,0.0,0.0,0.0,0.0,4.0,2.0,15.0,5.0,11.0,15.0,9.0,4.0,5.0,5.0,3.0,3.0,6.0,2.0,0.0,3.0,0.0,9.0,22.0,12.0,1.0,1.0,1.0,1.0,1.0,0.0,0.0,0.0,0.0,0.0,0.0,0.0,210.0,20.0,62.0,98.0,271.0,58.0,44.0,109.0,152.0,1.0,14.0,100.0,55.0,155.0,168.0,30.0,2.0,147.0,150.0,188.0,61.0,20.0,40.0,4.0,37.0,1.0,0.0,0.0,0.0,0.0
Long,449.0,0.0,2.0,0.0,0.0,0.0,0.0,7.0,3.0,3.0,0.0,0.0,21.0,23.0,27.0,0.0,9.0,27.0,12.0,12.0,8.0,7.0,13.0,4.0,2.0,7.0,2.0,0.0,0.0,0.0,0.0,0.0,0.0,3.0,3.0,7.0,3.0,2.0,10.0,7.0,0.0,3.0,0.0,6.0,2.0,3.0,6.0,1.0,1.0,0.0,1.0,14.0,6.0,1.0,0.0,7.0,0.0,0.0,0.0,0.0,0.0,0.0,0.0,0.0,0.0,168.0,20.0,61.0,83.0,226.0,40.0,42.0,82.0,140.0,0.0,21.0,84.0,25.0,166.0,154.0,37.0,2.0,131.0,130.0,184.0,47.0,21.0,32.0,3.0,35.0,0.0,0.0,0.0,0.0,0.0
Long,384.0,0.0,2.0,0.0,0.0,0.0,0.0,9.0,3.0,3.0,0.0,0.0,13.0,20.0,27.0,0.0,3.0,8.0,9.0,6.0,5.0,1.0,4.0,5.0,0.0,2.0,1.0,0.0,0.0,0.0,0.0,0.0,0.0,2.0,5.0,6.0,4.0,4.0,19.0,9.0,5.0,1.0,7.0,2.0,3.0,3.0,1.0,1.0,1.0,0.0,0.0,10.0,9.0,2.0,0.0,3.0,0.0,0.0,0.0,0.0,0.0,0.0,0.0,0.0,0.0,150.0,24.0,40.0,77.0,208.0,33.0,44.0,85.0,104.0,1.0,20.0,84.0,44.0,134.0,150.0,31.0,1.0,125.0,106.0,166.0,43.0,9.0,34.0,4.0,21.0,0.0,0.0,0.0,0.0,0.0
Megargee,399.0,0.0,0.0,0.0,0.0,0.0,0.0,9.0,2.0,2.0,0.0,0.0,9.0,17.0,21.0,0.0,7.0,19.0,10.0,11.0,10.0,1.0,3.0,5.0,5.0,7.0,0.0,0.0,0.0,0.0,0.0,0.0,0.0,1.0,1.0,3.0,0.0,1.0,15.0,5.0,3.0,0.0,4.0,0.0,0.0,2.0,1.0,1.0,4.0,0.0,2.0,7.0,19.0,0.0,2.0,0.0,0.0,0.0,0.0,0.0,0.0,0.0,0.0,0.0,0.0,158.0,27.0,39.0,83.0,254.0,59.0,23.0,87.0,115.0,0.0,11.0,60.0,28.0,149.0,149.0,35.0,3.0,119.0,132.0,173.0,50.0,15.0,27.0,3.0,27.0,4.0,0.0,0.0,0.0,0.0
Walker,485.0,0.0,0.0,0.0,0.0,0.0,0.0,4.0,2.0,2.0,0.0,0.0,16.0,12.0,32.0,0.0,2.0,13.0,9.0,8.0,6.0,3.0,4.0,7.0,5.0,0.0,4.0,0.0,0.0,0.0,0.0,0.0,0.0,5.0,1.0,8.0,7.0,2.0,11.0,11.0,2.0,5.0,6.0,4.0,4.0,5.0,7.0,4.0,5.0,0.0,0.0,12.0,20.0,1.0,14.0,4.0,1.0,2.0,0.0,0.0,0.0,0.0,0.0,0.0,0.0,211.0,33.0,67.0,126.0,271.0,57.0,43.0,140.0,146.0,3.0,24.0,102.0,44.0,171.0,169.0,36.0,4.0,155.0,124.0,204.0,55.0,9.0,37.0,1.0,36.0,0.0,0.0,0.0,0.0,0.0
Andreu,586.0,0.0,0.0,0.0,0.0,0.0,0.0,0.0,3.0,3.0,0.0,0.0,29.0,7.0,40.0,0.0,3.0,6.0,7.0,2.0,4.0,2.0,4.0,2.0,2.0,1.0,0.0,0.0,0.0,0.0,0.0,0.0,0.0,0.0,5.0,10.0,1.0,2.0,12.0,5.0,7.0,7.0,2.0,0.0,2.0,4.0,0.0,1.0,0.0,0.0,0.0,9.0,10.0,1.0,1.0,8.0,0.0,2.0,1.0,0.0,0.0,0.0,0.0,0.0,0.0,221.0,32.0,55.0,117.0,307.0,78.0,64.0,131.0,158.0,3.0,27.0,121.0,44.0,181.0,203.0,48.0,5.0,159.0,172.0,212.0,61.0,30.0,38.0,3.0,50.0,1.0,0.0,0.0,0.0,0.0
Andreu,700.0,0.0,0.0,0.0,0.0,0.0,0.0,0.0,1.0,1.0,0.0,0.0,30.0,12.0,51.0,0.0,6.0,12.0,2.0,5.0,7.0,1.0,1.0,1.0,6.0,1.0,0.0,0.0,0.0,0.0,0.0,0.0,0.0,3.0,2.0,7.0,1.0,3.0,11.0,7.0,4.0,6.0,2.0,1.0,0.0,8.0,0.0,0.0,0.0,0.0,3.0,20.0,20.0,3.0,1.0,10.0,0.0,2.0,0.0,0.0,0.0,0.0,0.0,0.0,0.0,296.0,37.0,86.0,116.0,396.0,71.0,62.0,132.0,176.0,3.0,22.0,124.0,86.0,190.0,235.0,78.0,4.0,167.0,184.0,275.0,75.0,34.0,70.0,0.0,85.0,1.0,0.0,0.0,0.0,0.0
Andreu,646.0,0.0,0.0,0.0,0.0,0.0,0.0,0.0,1.0,1.0,0.0,0.0,21.0,22.0,44.0,0.0,7.0,17.0,6.0,4.0,5.0,5.0,6.0,4.0,2.0,3.0,1.0,0.0,0.0,0.0,0.0,1.0,0.0,2.0,7.0,1.0,5.0,0.0,14.0,12.0,2.0,4.0,1.0,2.0,1.0,7.0,0.0,2.0,0.0,0.0,0.0,8.0,20.0,3.0,0.0,17.0,0.0,1.0,0.0,0.0,0.0,0.0,0.0,0.0,0.0,258.0,40.0,56.0,129.0,341.0,49.0,70.0,157.0,173.0,0.0,31.0,121.0,48.0,219.0,196.0,42.0,6.0,165.0,181.0,303.0,69.0,21.0,53.0,4.0,48.0,2.0,0.0,0.0,0.0,0.0
Andreu,704.0,0.0,0.0,0.0,0.0,0.0,0.0,0.0,2.0,2.0,0.0,0.0,46.0,14.0,46.0,0.0,7.0,12.0,8.0,3.0,4.0,7.0,0.0,2.0,6.0,3.0,3.0,0.0,0.0,0.0,0.0,1.0,0.0,6.0,3.0,3.0,3.0,2.0,15.0,14.0,3.0,15.0,2.0,3.0,5.0,5.0,5.0,5.0,2.0,0.0,2.0,16.0,20.0,4.0,0.0,4.0,0.0,0.0,0.0,0.0,0.0,0.0,0.0,0.0,0.0,287.0,41.0,70.0,116.0,349.0,53.0,68.0,170.0,159.0,4.0,40.0,109.0,65.0,185.0,218.0,64.0,6.0,186.0,151.0,312.0,97.0,27.0,89.0,4.0,43.0,2.0,0.0,0.0,0.0,0.0
Andreu,873.0,0.0,4.0,0.0,0.0,0.0,0.0,0.0,2.0,2.0,0.0,0.0,43.0,13.0,73.0,0.0,7.0,9.0,11.0,5.0,3.0,3.0,2.0,4.0,1.0,6.0,0.0,0.0,0.0,0.0,0.0,1.0,0.0,5.0,7.0,9.0,12.0,0.0,10.0,10.0,2.0,17.0,6.0,2.0,1.0,22.0,3.0,2.0,0.0,2.0,7.0,35.0,29.0,8.0,1.0,7.0,0.0,0.0,0.0,0.0,0.0,0.0,0.0,0.0,0.0,350.0,50.0,112.0,178.0,495.0,102.0,94.0,204.0,275.0,12.0,39.0,178.0,84.0,300.0,296.0,54.0,3.0,219.0,259.0,354.0,103.0,46.0,71.0,6.0,67.0,5.0,0.0,0.0,0.0,0.0
Andreu,874.0,0.0,0.0,0.0,0.0,0.0,0.0,0.0,3.0,3.0,0.0,0.0,42.0,28.0,65.0,1.0,4.0,17.0,10.0,9.0,8.0,2.0,4.0,4.0,1.0,0.0,1.0,0.0,0.0,0.0,0.0,0.0,0.0,5.0,4.0,4.0,10.0,5.0,16.0,10.0,4.0,13.0,4.0,4.0,2.0,5.0,1.0,3.0,1.0,0.0,0.0,10.0,28.0,5.0,0.0,13.0,0.0,3.0,0.0,0.0,0.0,0.0,0.0,0.0,0.0,318.0,38.0,90.0,180.0,497.0,69.0,90.0,180.0,213.0,10.0,43.0,123.0,80.0,248.0,304.0,67.0,5.0,232.0,196.0,375.0,103.0,49.0,89.0,13.0,87.0,0.0,0.0,0.0,0.0,0.0
Andreu,894.0,0.0,2.0,0.0,0.0,0.0,0.0,0.0,2.0,2.0,0.0,0.0,60.0,24.0,53.0,0.0,7.0,16.0,7.0,10.0,6.0,2.0,3.0,5.0,5.0,0.0,0.0,0.0,0.0,0.0,0.0,0.0,0.0,5.0,1.0,5.0,6.0,3.0,10.0,7.0,2.0,13.0,3.0,2.0,2.0,5.0,2.0,1.0,4.0,0.0,0.0,11.0,12.0,2.0,3.0,11.0,0.0,2.0,0.0,0.0,0.0,0.0,0.0,0.0,0.0,316.0,46.0,89.0,148.0,434.0,86.0,119.0,173.0,218.0,12.0,49.0,142.0,91.0,267.0,299.0,59.0,4.0,194.0,198.0,368.0,107.0,33.0,90.0,7.0,83.0,0.0,0.0,0.0,0.0,0.0
Dooley,422.0,0.0,0.0,0.0,0.0,0.0,0.0,0.0,0.0,0.0,0.0,0.0,20.0,5.0,41.0,0.0,5.0,12.0,5.0,4.0,3.0,1.0,1.0,2.0,3.0,2.0,1.0,0.0,0.0,0.0,0.0,0.0,0.0,3.0,0.0,1.0,2.0,0.0,19.0,2.0,8.0,10.0,1.0,0.0,1.0,4.0,2.0,0.0,1.0,0.0,2.0,11.0,11.0,0.0,0.0,1.0,0.0,0.0,0.0,0.0,0.0,0.0,0.0,0.0,0.0,164.0,30.0,46.0,78.0,216.0,29.0,48.0,96.0,129.0,9.0,24.0,68.0,35.0,126.0,129.0,32.0,2.0,107.0,133.0,159.0,40.0,13.0,51.0,1.0,32.0,1.0,0.0,0.0,0.0,0.0
Thompson,1045.0,0.0,0.0,0.0,0.0,0.0,0.0,0.0,1.0,1.0,0.0,0.0,56.0,42.0,64.0,0.0,10.0,8.0,16.0,12.0,6.0,5.0,12.0,4.0,4.0,0.0,1.0,0.0,0.0,0.0,0.0,0.0,0.0,5.0,9.0,12.0,3.0,5.0,26.0,19.0,4.0,13.0,7.0,1.0,2.0,25.0,4.0,4.0,1.0,0.0,5.0,17.0,23.0,10.0,1.0,8.0,0.0,2.0,1.0,0.0,0.0,0.0,0.0,0.0,0.0,422.0,60.0,127.0,183.0,553.0,120.0,104.0,246.0,257.0,9.0,55.0,214.0,88.0,326.0,377.0,87.0,6.0,284.0,339.0,402.0,142.0,43.0,88.0,8.0,70.0,5.0,0.0,0.0,0.0,0.0
Thompson,786.0,0.0,0.0,0.0,0.0,0.0,0.0,0.0,3.0,3.0,0.0,0.0,31.0,22.0,55.0,0.0,9.0,16.0,7.0,12.0,7.0,6.0,5.0,5.0,9.0,4.0,1.0,0.0,0.0,0.0,0.0,0.0,0.0,5.0,6.0,13.0,3.0,3.0,22.0,15.0,4.0,5.0,6.0,4.0,2.0,13.0,0.0,1.0,4.0,1.0,3.0,18.0,17.0,13.0,4.0,6.0,0.0,0.0,0.0,1.0,0.0,1.0,0.0,0.0,0.0,309.0,32.0,69.0,159.0,424.0,80.0,93.0,162.0,189.0,8.0,42.0,140.0,55.0,251.0,268.0,46.0,6.0,196.0,220.0,326.0,88.0,34.0,77.0,5.0,55.0,3.0,0.0,0.0,0.0,0.0
Thompson,1234.0,0.0,0.0,0.0,0.0,0.0,0.0,8.0,4.0,4.0,0.0,0.0,66.0,48.0,65.0,0.0,22.0,28.0,15.0,14.0,9.0,11.0,9.0,9.0,10.0,4.0,2.0,0.0,0.0,0.0,0.0,0.0,0.0,6.0,8.0,9.0,4.0,6.0,22.0,15.0,1.0,10.0,5.0,19.0,4.0,25.0,2.0,5.0,0.0,0.0,2.0,25.0,15.0,12.0,0.0,25.0,0.0,2.0,1.0,2.0,0.0,2.0,0.0,0.0,0.0,502.0,58.0,156.0,261.0,629.0,115.0,140.0,288.0,338.0,9.0,75.0,218.0,89.0,441.0,418.0,71.0,5.0,289.0,362.0,501.0,156.0,42.0,127.0,7.0,110.0,1.0,0.0,0.0,0.0,0.0
Thompson,983.0,0.0,1.0,0.0,0.0,0.0,0.0,9.0,2.0,2.0,0.0,0.0,50.0,54.0,66.0,0.0,23.0,36.0,22.0,11.0,11.0,13.0,5.0,7.0,11.0,6.0,4.0,0.0,0.0,0.0,0.0,0.0,0.0,4.0,7.0,5.0,2.0,2.0,23.0,19.0,5.0,10.0,10.0,2.0,13.0,11.0,5.0,5.0,5.0,0.0,1.0,28.0,41.0,20.0,1.0,8.0,0.0,0.0,0.0,0.0,0.0,0.0,0.0,0.0,0.0,396.0,52.0,103.0,224.0,506.0,96.0,115.0,229.0,274.0,3.0,52.0,156.0,83.0,337.0,332.0,89.0,6.0,284.0,255.0,410.0,113.0,33.0,107.0,5.0,70.0,4.0,0.0,0.0,0.0,0.0
Thompson,1088.0,0.0,2.0,1.0,0.0,0.0,0.0,3.0,3.0,3.0,0.0,0.0,65.0,37.0,72.0,0.0,10.0,12.0,18.0,11.0,6.0,8.0,6.0,3.0,0.0,3.0,1.0,0.0,0.0,0.0,0.0,1.0,0.0,7.0,15.0,6.0,12.0,6.0,23.0,12.0,5.0,16.0,4.0,2.0,3.0,38.0,4.0,3.0,2.0,2.0,0.0,26.0,27.0,8.0,0.0,7.0,0.0,0.0,0.0,0.0,0.0,0.0,0.0,0.0,0.0,414.0,61.0,130.0,252.0,631.0,131.0,122.0,271.0,360.0,5.0,51.0,243.0,113.0,357.0,366.0,99.0,1.0,265.0,349.0,445.0,129.0,40.0,95.0,4.0,71.0,5.0,0.0,0.0,0.0,0.0
Thompson,908.0,0.0,1.0,0.0,0.0,0.0,0.0,8.0,2.0,2.0,0.0,0.0,45.0,23.0,65.0,0.0,6.0,17.0,8.0,8.0,6.0,2.0,5.0,6.0,3.0,3.0,1.0,0.0,0.0,0.0,0.0,0.0,0.0,4.0,14.0,10.0,3.0,6.0,29.0,25.0,5.0,10.0,5.0,1.0,1.0,11.0,5.0,2.0,1.0,0.0,2.0,8.0,21.0,12.0,1.0,13.0,0.0,4.0,0.0,0.0,0.0,0.0,0.0,0.0,0.0,339.0,47.0,87.0,188.0,501.0,86.0,103.0,193.0,230.0,7.0,45.0,209.0,104.0,244.0,319.0,56.0,11.0,212.0,252.0,369.0,116.0,31.0,82.0,7.0,77.0,2.0,0.0,0.0,0.0,0.0
Thompson,945.0,0.0,0.0,0.0,0.0,0.0,0.0,2.0,2.0,2.0,0.0,0.0,50.0,50.0,58.0,0.0,16.0,22.0,18.0,17.0,12.0,3.0,6.0,7.0,2.0,3.0,1.0,1.0,0.0,0.0,0.0,0.0,0.0,5.0,6.0,10.0,2.0,5.0,24.0,14.0,4.0,6.0,7.0,1.0,5.0,12.0,2.0,6.0,7.0,0.0,9.0,20.0,33.0,12.0,12.0,8.0,0.0,0.0,0.0,0.0,0.0,0.0,0.0,0.0,0.0,380.0,54.0,97.0,223.0,524.0,98.0,93.0,210.0,243.0,11.0,51.0,189.0,70.0,309.0,302.0,65.0,5.0,236.0,265.0,368.0,110.0,39.0,80.0,6.0,80.0,2.0,0.0,0.0,0.0,0.0
Thompson,830.0,0.0,0.0,0.0,0.0,0.0,0.0,3.0,0.0,0.0,0.0,0.0,47.0,33.0,66.0,0.0,10.0,14.0,12.0,8.0,7.0,2.0,1.0,8.0,4.0,2.0,1.0,0.0,0.0,0.0,0.0,1.0,0.0,5.0,3.0,3.0,2.0,0.0,13.0,18.0,5.0,14.0,3.0,4.0,7.0,14.0,1.0,3.0,8.0,1.0,1.0,12.0,17.0,7.0,7.0,8.0,0.0,0.0,0.0,0.0,0.0,0.0,0.0,0.0,0.0,325.0,47.0,101.0,167.0,431.0,66.0,99.0,161.0,247.0,6.0,49.0,145.0,86.0,269.0,256.0,78.0,1.0,203.0,241.0,331.0,110.0,29.0,75.0,5.0,62.0,3.0,0.0,0.0,0.0,0.0
Brandt,669.0,0.0,22.0,0.0,0.0,0.0,0.0,20.0,2.0,2.0,0.0,0.0,26.0,22.0,44.0,0.0,5.0,10.0,14.0,8.0,3.0,1.0,8.0,2.0,1.0,2.0,0.0,0.0,0.0,0.0,0.0,0.0,0.0,8.0,5.0,1.0,3.0,6.0,14.0,6.0,2.0,8.0,3.0,4.0,5.0,28.0,7.0,4.0,2.0,0.0,0.0,28.0,17.0,3.0,1.0,8.0,1.0,1.0,0.0,0.0,0.0,0.0,0.0,0.0,0.0,266.0,32.0,66.0,139.0,342.0,75.0,70.0,161.0,224.0,3.0,36.0,145.0,48.0,199.0,233.0,63.0,5.0,174.0,223.0,310.0,91.0,38.0,70.0,4.0,53.0,4.0,0.0,0.0,0.0,0.0
Dooley,693.0,0.0,0.0,0.0,0.0,0.0,0.0,0.0,0.0,0.0,0.0,0.0,30.0,9.0,48.0,0.0,0.0,1.0,0.0,1.0,0.0,1.0,2.0,0.0,0.0,0.0,0.0,0.0,0.0,0.0,0.0,1.0,0.0,1.0,4.0,4.0,2.0,4.0,18.0,9.0,1.0,19.0,3.0,2.0,1.0,8.0,1.0,4.0,2.0,0.0,1.0,12.0,12.0,2.0,0.0,2.0,0.0,1.0,0.0,0.0,0.0,0.0,0.0,0.0,0.0,271.0,32.0,72.0,114.0,372.0,80.0,72.0,181.0,181.0,9.0,32.0,139.0,66.0,193.0,232.0,58.0,4.0,159.0,190.0,340.0,93.0,19.0,66.0,3.0,60.0,2.0,0.0,0.0,0.0,0.0
Dooley,742.0,2.0,0.0,0.0,0.0,0.0,0.0,0.0,3.0,3.0,0.0,0.0,29.0,14.0,51.0,0.0,7.0,8.0,7.0,5.0,1.0,0.0,2.0,1.0,0.0,2.0,0.0,0.0,0.0,0.0,0.0,6.0,0.0,10.0,8.0,10.0,1.0,6.0,15.0,11.0,3.0,6.0,2.0,12.0,1.0,4.0,5.0,0.0,0.0,0.0,2.0,19.0,18.0,0.0,1.0,10.0,0.0,3.0,1.0,0.0,0.0,0.0,0.0,0.0,0.0,306.0,60.0,78.0,103.0,406.0,73.0,80.0,162.0,185.0,2.0,45.0,139.0,61.0,207.0,234.0,32.0,2.0,172.0,185.0,333.0,92.0,33.0,74.0,1.0,67.0,3.0,0.0,0.0,0.0,0.0
Dooley,657.0,0.0,0.0,0.0,0.0,0.0,0.0,0.0,0.0,0.0,0.0,0.0,27.0,12.0,44.0,0.0,3.0,3.0,2.0,2.0,0.0,2.0,3.0,2.0,0.0,0.0,0.0,0.0,0.0,0.0,0.0,2.0,0.0,3.0,5.0,4.0,1.0,2.0,14.0,12.0,3.0,8.0,5.0,0.0,2.0,8.0,4.0,0.0,1.0,0.0,0.0,6.0,13.0,2.0,0.0,2.0,0.0,4.0,0.0,0.0,0.0,0.0,0.0,0.0,0.0,287.0,51.0,63.0,137.0,362.0,65.0,72.0,149.0,167.0,3.0,35.0,141.0,45.0,197.0,207.0,48.0,1.0,155.0,175.0,266.0,77.0,29.0,75.0,6.0,60.0,0.0,0.0,0.0,0.0,0.0
Long,654.0,0.0,12.0,0.0,4.0,0.0,0.0,14.0,2.0,2.0,0.0,0.0,25.0,21.0,44.0,0.0,8.0,17.0,10.0,8.0,8.0,3.0,3.0,4.0,8.0,2.0,4.0,0.0,0.0,0.0,0.0,0.0,0.0,6.0,3.0,15.0,6.0,11.0,17.0,10.0,4.0,5.0,5.0,4.0,3.0,10.0,2.0,1.0,3.0,0.0,9.0,24.0,16.0,2.0,1.0,1.0,1.0,5.0,0.0,0.0,0.0,0.0,0.0,0.0,0.0,279.0,26.0,87.0,137.0,345.0,73.0,62.0,142.0,193.0,3.0,21.0,128.0,68.0,199.0,216.0,41.0,1.0,177.0,201.0,242.0,75.0,25.0,60.0,5.0,59.0,1.0,0.0,0.0,0.0,0.0
Long,772.0,0.0,28.0,0.0,0.0,0.0,0.0,23.0,2.0,2.0,0.0,0.0,40.0,22.0,58.0,0.0,5.0,12.0,12.0,2.0,4.0,7.0,4.0,4.0,4.0,3.0,5.0,0.0,0.0,0.0,0.0,1.0,0.0,10.0,6.0,5.0,2.0,9.0,18.0,14.0,9.0,16.0,5.0,10.0,17.0,10.0,5.0,5.0,8.0,0.0,2.0,24.0,31.0,11.0,2.0,5.0,1.0,3.0,0.0,0.0,0.0,0.0,0.0,0.0,0.0,309.0,44.0,85.0,180.0,387.0,65.0,70.0,155.0,218.0,3.0,47.0,154.0,54.0,235.0,268.0,81.0,5.0,215.0,214.0,286.0,97.0,19.0,98.0,6.0,56.0,2.0,0.0,0.0,0.0,0.0
Andreu,760.0,0.0,0.0,0.0,0.0,0.0,0.0,0.0,6.0,6.0,0.0,0.0,37.0,15.0,60.0,0.0,6.0,13.0,11.0,4.0,3.0,3.0,6.0,0.0,0.0,0.0,2.0,0.0,0.0,0.0,0.0,1.0,0.0,7.0,4.0,4.0,5.0,3.0,10.0,10.0,1.0,13.0,1.0,1.0,1.0,20.0,4.0,3.0,3.0,0.0,0.0,19.0,21.0,8.0,0.0,7.0,0.0,0.0,2.0,0.0,0.0,0.0,0.0,0.0,0.0,291.0,42.0,89.0,159.0,414.0,79.0,72.0,187.0,221.0,6.0,29.0,159.0,65.0,243.0,212.0,65.0,7.0,167.0,211.0,281.0,94.0,32.0,81.0,3.0,66.0,9.0,0.0,0.0,0.0,0.0
Long,575.0,0.0,0.0,0.0,1.0,0.0,0.0,0.0,4.0,4.0,0.0,0.0,28.0,13.0,36.0,0.0,15.0,7.0,10.0,4.0,5.0,5.0,3.0,3.0,1.0,3.0,0.0,0.0,0.0,0.0,0.0,0.0,0.0,3.0,6.0,8.0,4.0,3.0,22.0,8.0,4.0,4.0,8.0,3.0,4.0,19.0,1.0,1.0,2.0,0.0,0.0,12.0,14.0,0.0,2.0,4.0,0.0,1.0,0.0,0.0,0.0,0.0,0.0,0.0,0.0,235.0,33.0,76.0,121.0,357.0,72.0,54.0,117.0,182.0,6.0,32.0,124.0,54.0,207.0,197.0,51.0,1.0,167.0,219.0,196.0,73.0,31.0,52.0,5.0,36.0,0.0,0.0,0.0,0.0,0.0
Long,825.0,0.0,0.0,0.0,1.0,0.0,0.0,0.0,3.0,3.0,0.0,0.0,32.0,26.0,60.0,0.0,13.0,28.0,15.0,16.0,11.0,10.0,14.0,5.0,2.0,7.0,2.0,0.0,0.0,0.0,0.0,1.0,0.0,12.0,6.0,12.0,10.0,11.0,18.0,10.0,3.0,13.0,1.0,13.0,7.0,15.0,12.0,6.0,5.0,0.0,5.0,26.0,24.0,2.0,0.0,14.0,1.0,1.0,0.0,0.0,0.0,0.0,0.0,0.0,0.0,312.0,50.0,99.0,175.0,432.0,75.0,86.0,182.0,258.0,0.0,44.0,161.0,61.0,300.0,299.0,65.0,2.0,241.0,229.0,352.0,105.0,37.0,72.0,8.0,64.0,2.0,0.0,0.0,0.0,0.0
Long,585.0,0.0,0.0,0.0,0.0,0.0,0.0,0.0,2.0,2.0,0.0,0.0,29.0,17.0,36.0,0.0,7.0,11.0,12.0,1.0,3.0,5.0,1.0,5.0,3.0,3.0,5.0,0.0,0.0,0.0,0.0,0.0,0.0,8.0,7.0,5.0,1.0,6.0,13.0,11.0,7.0,10.0,3.0,4.0,14.0,6.0,8.0,4.0,7.0,0.0,0.0,21.0,22.0,9.0,3.0,6.0,1.0,1.0,0.0,0.0,0.0,0.0,0.0,0.0,0.0,229.0,39.0,64.0,131.0,318.0,54.0,53.0,142.0,191.0,1.0,20.0,114.0,42.0,183.0,223.0,65.0,2.0,181.0,180.0,244.0,68.0,16.0,62.0,5.0,43.0,1.0,0.0,0.0,0.0,0.0
Megargee,781.0,0.0,0.0,0.0,0.0,0.0,0.0,0.0,5.0,5.0,0.0,0.0,30.0,25.0,52.0,0.0,10.0,26.0,13.0,11.0,12.0,2.0,3.0,6.0,7.0,8.0,2.0,0.0,0.0,0.0,0.0,0.0,0.0,10.0,4.0,6.0,3.0,7.0,23.0,13.0,6.0,8.0,8.0,1.0,0.0,8.0,11.0,3.0,12.0,1.0,7.0,20.0,32.0,2.0,3.0,6.0,1.0,1.0,0.0,0.0,0.0,0.0,0.0,0.0,0.0,311.0,54.0,72.0,156.0,467.0,92.0,60.0,167.0,214.0,6.0,21.0,142.0,64.0,270.0,271.0,55.0,3.0,213.0,257.0,333.0,117.0,29.0,54.0,6.0,63.0,5.0,0.0,0.0,0.0,0.0
Smits,972.0,0.0,0.0,0.0,0.0,0.0,0.0,0.0,2.0,2.0,0.0,0.0,41.0,42.0,59.0,0.0,5.0,24.0,15.0,12.0,11.0,7.0,12.0,7.0,4.0,3.0,1.0,0.0,0.0,0.0,0.0,0.0,0.0,10.0,10.0,8.0,10.0,4.0,23.0,19.0,6.0,9.0,7.0,3.0,3.0,7.0,2.0,0.0,1.0,0.0,5.0,17.0,23.0,3.0,0.0,9.0,0.0,0.0,0.0,0.0,0.0,0.0,0.0,0.0,0.0,362.0,45.0,101.0,198.0,459.0,79.0,100.0,234.0,263.0,3.0,39.0,161.0,97.0,293.0,322.0,63.0,8.0,263.0,237.0,423.0,97.0,42.0,104.0,10.0,86.0,2.0,0.0,0.0,0.0,0.0
Thompson,698.0,0.0,0.0,0.0,0.0,0.0,0.0,0.0,1.0,1.0,0.0,0.0,24.0,34.0,41.0,0.0,12.0,18.0,11.0,11.0,8.0,7.0,5.0,5.0,11.0,3.0,0.0,0.0,0.0,0.0,0.0,0.0,0.0,6.0,6.0,16.0,4.0,3.0,30.0,15.0,3.0,0.0,7.0,4.0,0.0,10.0,0.0,0.0,3.0,1.0,5.0,17.0,14.0,21.0,1.0,4.0,0.0,0.0,2.0,0.0,0.0,0.0,0.0,0.0,0.0,296.0,39.0,83.0,158.0,370.0,107.0,67.0,128.0,173.0,6.0,37.0,122.0,48.0,231.0,237.0,48.0,10.0,225.0,185.0,262.0,87.0,35.0,59.0,3.0,51.0,6.0,0.0,0.0,0.0,0.0
Walker,714.0,0.0,0.0,0.0,0.0,0.0,0.0,0.0,3.0,3.0,0.0,0.0,28.0,19.0,50.0,0.0,6.0,20.0,13.0,11.0,8.0,3.0,8.0,8.0,7.0,1.0,4.0,1.0,0.0,0.0,0.0,0.0,0.0,5.0,2.0,10.0,9.0,5.0,15.0,16.0,3.0,12.0,6.0,5.0,5.0,12.0,8.0,4.0,5.0,0.0,0.0,16.0,24.0,2.0,16.0,4.0,1.0,2.0,0.0,0.0,0.0,0.0,0.0,0.0,0.0,291.0,47.0,87.0,172.0,393.0,71.0,63.0,194.0,207.0,4.0,40.0,143.0,63.0,238.0,253.0,57.0,5.0,230.0,192.0,295.0,75.0,14.0,54.0,1.0,57.0,0.0,0.0,0.0,0.0,0.0
Baker,689.0,0.0,10.0,0.0,0.0,0.0,1.0,16.0,9.0,9.0,0.0,0.0,30.0,12.0,39.0,0.0,4.0,7.0,7.0,4.0,4.0,2.0,5.0,2.0,1.0,3.0,1.0,1.0,0.0,0.0,0.0,2.0,0.0,11.0,3.0,7.0,4.0,4.0,15.0,10.0,5.0,3.0,7.0,4.0,3.0,16.0,0.0,2.0,1.0,0.0,5.0,13.0,16.0,4.0,1.0,4.0,0.0,0.0,1.0,0.0,0.0,0.0,0.0,0.0,0.0,253.0,43.0,85.0,117.0,390.0,92.0,57.0,152.0,222.0,2.0,36.0,139.0,88.0,231.0,239.0,74.0,5.0,210.0,236.0,267.0,91.0,29.0,60.0,8.0,50.0,1.0,0.0,0.0,0.0,0.0
Baker,604.0,0.0,8.0,0.0,3.0,0.0,0.0,27.0,5.0,5.0,0.0,0.0,19.0,11.0,44.0,1.0,7.0,12.0,6.0,6.0,6.0,4.0,3.0,3.0,6.0,2.0,1.0,2.0,0.0,0.0,0.0,0.0,0.0,6.0,3.0,10.0,1.0,13.0,17.0,8.0,7.0,5.0,3.0,0.0,0.0,18.0,2.0,0.0,0.0,1.0,3.0,15.0,13.0,4.0,1.0,0.0,0.0,1.0,0.0,0.0,0.0,0.0,0.0,0.0,0.0,248.0,40.0,69.0,106.0,318.0,58.0,58.0,145.0,176.0,4.0,35.0,116.0,58.0,215.0,196.0,47.0,3.0,181.0,180.0,270.0,76.0,19.0,64.0,4.0,37.0,1.0,0.0,0.0,0.0,0.0
Baker,722.0,0.0,16.0,0.0,0.0,0.0,0.0,18.0,5.0,5.0,0.0,0.0,34.0,19.0,55.0,0.0,10.0,29.0,13.0,10.0,6.0,7.0,6.0,6.0,3.0,3.0,0.0,1.0,0.0,0.0,0.0,0.0,0.0,6.0,3.0,2.0,3.0,3.0,17.0,7.0,3.0,9.0,0.0,13.0,2.0,13.0,5.0,1.0,1.0,0.0,0.0,13.0,21.0,11.0,0.0,10.0,0.0,0.0,1.0,0.0,0.0,0.0,0.0,0.0,0.0,274.0,47.0,91.0,140.0,395.0,77.0,49.0,173.0,174.0,2.0,57.0,127.0,57.0,215.0,220.0,53.0,8.0,184.0,203.0,301.0,91.0,32.0,65.0,5.0,61.0,0.0,0.0,0.0,0.0,0.0
Baker,668.0,0.0,10.0,1.0,0.0,0.0,0.0,12.0,4.0,4.0,0.0,0.0,37.0,19.0,51.0,0.0,10.0,10.0,11.0,6.0,2.0,2.0,5.0,1.0,1.0,2.0,1.0,0.0,0.0,0.0,0.0,3.0,0.0,6.0,4.0,3.0,5.0,3.0,12.0,7.0,5.0,5.0,2.0,1.0,0.0,27.0,4.0,2.0,1.0,1.0,0.0,22.0,15.0,5.0,0.0,5.0,0.0,1.0,0.0,0.0,0.0,0.0,0.0,0.0,0.0,246.0,36.0,72.0,143.0,367.0,83.0,60.0,152.0,230.0,3.0,29.0,149.0,63.0,205.0,208.0,67.0,6.0,173.0,219.0,294.0,94.0,23.0,53.0,5.0,33.0,4.0,0.0,0.0,0.0,0.0
Baker,588.0,0.0,18.0,0.0,0.0,0.0,0.0,22.0,4.0,4.0,0.0,0.0,32.0,21.0,42.0,0.0,6.0,16.0,8.0,6.0,6.0,6.0,4.0,4.0,1.0,2.0,1.0,1.0,0.0,0.0,0.0,0.0,0.0,6.0,6.0,7.0,2.0,7.0,20.0,22.0,2.0,7.0,6.0,1.0,0.0,7.0,5.0,2.0,2.0,0.0,0.0,12.0,17.0,7.0,1.0,1.0,0.0,3.0,0.0,0.0,0.0,0.0,0.0,0.0,0.0,230.0,34.0,54.0,115.0,328.0,65.0,70.0,126.0,177.0,2.0,32.0,126.0,52.0,168.0,220.0,48.0,7.0,163.0,168.0,257.0,78.0,24.0,59.0,4.0,44.0,0.0,0.0,0.0,0.0,0.0
Knight,579.0,0.0,18.0,0.0,0.0,0.0,0.0,21.0,8.0,8.0,0.0,0.0,30.0,19.0,36.0,0.0,4.0,21.0,12.0,2.0,7.0,6.0,2.0,5.0,5.0,4.0,3.0,0.0,0.0,0.0,0.0,0.0,0.0,3.0,11.0,4.0,4.0,1.0,7.0,13.0,3.0,9.0,7.0,1.0,10.0,5.0,4.0,2.0,3.0,0.0,3.0,15.0,18.0,8.0,2.0,4.0,0.0,0.0,0.0,0.0,0.0,0.0,0.0,0.0,0.0,220.0,25.0,74.0,123.0,334.0,69.0,57.0,125.0,191.0,4.0,30.0,99.0,46.0,205.0,188.0,42.0,5.0,159.0,163.0,250.0,62.0,25.0,53.0,3.0,48.0,2.0,0.0,0.0,0.0,0.0
Knight,527.0,0.0,10.0,0.0,0.0,0.0,0.0,11.0,4.0,4.0,0.0,0.0,35.0,26.0,40.0,0.0,12.0,15.0,14.0,13.0,5.0,2.0,4.0,8.0,5.0,3.0,0.0,1.0,0.0,0.0,0.0,0.0,0.0,6.0,6.0,5.0,3.0,2.0,14.0,8.0,1.0,4.0,5.0,0.0,1.0,3.0,2.0,5.0,4.0,0.0,3.0,13.0,14.0,2.0,6.0,3.0,0.0,0.0,0.0,0.0,0.0,0.0,0.0,0.0,0.0,210.0,32.0,71.0,123.0,293.0,63.0,39.0,105.0,157.0,3.0,20.0,97.0,45.0,186.0,180.0,42.0,4.0,145.0,164.0,203.0,63.0,32.0,41.0,10.0,43.0,1.0,0.0,0.0,0.0,0.0
Sparks,502.0,0.0,0.0,0.0,0.0,0.0,0.0,0.0,6.0,6.0,0.0,0.0,29.0,13.0,40.0,0.0,5.0,12.0,11.0,8.0,4.0,2.0,3.0,9.0,1.0,0.0,5.0,0.0,0.0,0.0,0.0,0.0,0.0,8.0,3.0,14.0,7.0,6.0,8.0,5.0,2.0,6.0,1.0,3.0,1.0,14.0,15.0,4.0,1.0,0.0,3.0,8.0,10.0,1.0,12.0,3.0,1.0,2.0,0.0,0.0,0.0,0.0,0.0,0.0,0.0,227.0,47.0,58.0,101.0,254.0,44.0,54.0,111.0,178.0,5.0,25.0,112.0,60.0,153.0,171.0,34.0,1.0,137.0,147.0,207.0,50.0,21.0,32.0,1.0,36.0,0.0,0.0,0.0,0.0,0.0
